7.41E-09,1,-1.60E-08,-1,7.41E-09,7.61E-09,7.61E-09,1.60E-08,1,2.022176497,-2.844529294,2.31E-08
1.58E-06,1,1.99E-08,-1,1.58E-06,1.66E-06,1.66E-06,-1.99E-08,1,2.022174002,-2.843397443,-2.53E-06
1.44E-05,1,6.46E-08,-1,1.44E-05,1.52E-05,1.52E-05,-6.49E-08,1,2.022154748,-2.840979172,-2.27E-05
5.80E-05,0.999999998,1.01E-07,-0.999999996,5.80E-05,6.16E-05,6.16E-05,-1.04E-07,0.999999998,2.022089282,-2.837432604,-9.22E-05
0.000159368,0.999999987,1.06E-07,-0.999999973,0.000159368,0.000170402,0.000170402,-1.34E-07,0.999999985,2.021936422,-2.83299286,-0.000256684
0.000348005,0.999999939,-6.14E-09,-0.999999869,0.000348005,0.000375948,0.000375948,-1.25E-07,0.999999929,2.02164797,-2.827960486,-0.000570334
0.000651779,0.999999788,-1.36E-07,-0.999999533,0.000651779,0.000713287,0.000713287,-3.29E-07,0.999999746,2.021176723,-2.822686429,-0.001093025
0.001091411,0.999999404,-7.09E-07,-0.999998668,0.001091412,0.001213455,0.001213455,-6.16E-07,0.999999264,2.020480886,-2.81755421,-0.001883026
0.001676392,0.999998595,-1.92E-06,-0.999996789,0.001676393,0.001900556,0.001900557,-1.27E-06,0.999998194,2.019531737,-2.812960162,-0.002991743
0.002400815,0.999997118,-3.27E-06,-0.999993235,0.002400815,0.002786847,0.002786847,-3.42E-06,0.999996117,2.01831807,-2.809292773,-0.004461372
0.003241019,0.999994748,-6.63E-06,-0.999987255,0.00324102,0.003871024,0.003871025,-5.92E-06,0.999992508,2.016850525,-2.806912226,-0.006318901
0.004154774,0.999991369,-1.16E-05,-0.999978179,0.004154779,0.005136104,0.005136108,-9.77E-06,0.99998681,2.015165051,-2.806131234,-0.008575505
0.005081123,0.999987091,-1.76E-05,-0.999965648,0.005081129,0.006548731,0.006548736,-1.57E-05,0.999978557,2.013322473,-2.807198077,-0.011222905
0.005941963,0.999982346,-2.65E-05,-0.999949869,0.005941984,0.008059261,0.008059277,-2.14E-05,0.999967523,2.011407068,-2.810282582,-0.014233348
0.00664647,0.999977911,-3.59E-05,-0.999931807,0.006646508,0.009602389,0.009602415,-2.79E-05,0.999953895,2.00952714,-2.815465448,-0.01755954
0.007094277,0.999974834,-4.57E-05,-0.999913239,0.007094347,0.011098825,0.01109887,-3.30E-05,0.999938405,2.007807195,-2.822731144,-0.021135148
0.007182197,0.999974206,-5.62E-05,-0.99989661,0.007182339,0.012457288,0.01245737,-3.33E-05,0.999922403,2.006383803,-2.831964332,-0.024876475
0.006812574,0.999976792,-6.40E-05,-0.999884601,0.006812816,0.013578317,0.013578438,-2.85E-05,0.999907808,2.005399298,-2.842949681,-0.028682445
0.005899376,0.999982596,-6.92E-05,-0.999879531,0.005899761,0.014356776,0.014356935,-1.55E-05,0.999896934,2.004991145,-2.855375059,-0.032440496
0.00437902,0.99999041,-7.07E-05,-0.999882523,0.004379586,0.01468874,0.014688909,6.37E-06,0.999892112,2.005282281,-2.868837905,-0.036025462
0.002218255,0.999997537,-6.97E-05,-0.999892805,0.002219031,0.01447254,0.014472658,3.75E-05,0.999895265,2.006373154,-2.882855252,-0.03930847
-0.000576034,0.999999832,-6.90E-05,-0.999907095,-0.00057504,0.013618777,0.013618735,7.69E-05,0.999907258,2.008322163,-2.896877247,-0.042158454
-0.003948897,0.9999922,-7.35E-05,-0.999919502,-0.003947724,0.012058417,0.012058033,0.00012113,0.999927292,2.011153231,-2.910305245,-0.04444477
-0.00779339,0.999969627,-8.70E-05,-0.999922179,-0.007792173,0.009742571,0.009741597,0.000162907,0.999952536,2.014825155,-2.922513954,-0.046051611
-0.011947275,0.999928622,-0.000117576,-0.999906484,-0.011946228,0.006656642,0.006654762,0.000197094,0.999977837,2.019252622,-2.932878341,-0.046876083
-0.016200858,0.999868743,-0.000171758,-0.999864786,-0.016200309,0.002821252,0.002818099,0.000217442,0.999996006,2.024273913,-2.940803465,-0.046838051
-0.020299418,0.999793913,-0.000254601,-0.999792488,-0.020299822,-0.001702142,-0.00170696,0.000219996,0.999998519,2.029685185,-2.94575702,-0.045887894
-0.023960074,0.999712848,-0.000368078,-0.999689667,-0.023962026,-0.006811058,-0.006817922,0.00020477,0.999976737,2.03523937,-2.947301263,-0.043999114
-0.02689502,0.999638133,-0.000509926,-0.999561689,-0.02689927,-0.012363588,-0.012372831,0.000177184,0.999923438,2.040648257,-2.945121456,-0.041186377
-0.028826382,0.999584207,-0.000672989,-0.999418793,-0.028833855,-0.018184735,-0.018196579,0.000148398,0.999834418,2.045623106,-2.93904946,-0.037489503
-0.029513975,0.99956401,-0.000845596,-0.999274032,-0.02952578,-0.024075644,-0.024090114,0.000134414,0.999709782,2.049882921,-2.929078476,-0.032978877
-0.028774851,0.999585404,-0.001013612,-0.999140432,-0.028792283,-0.029822849,-0.029839669,0.000154593,0.999554686,2.053177787,-2.915369202,-0.027738435
-0.026499508,0.999648149,-0.001163967,-0.99902773,-0.026524064,-0.035214615,-0.035233098,0.000229666,0.999379095,2.055305044,-2.898246117,-0.021874459
-0.022660603,0.999742391,-0.001283792,-0.998940009,-0.022693842,-0.040048061,-0.040066878,0.000374918,0.99919693,2.056124744,-2.878186034,-0.01549383
-0.017316132,0.999849131,-0.001366004,-0.998874346,-0.01735956,-0.044143925,-0.044160979,0.000600064,0.999024248,2.055567907,-2.85579914,-0.008701596
-0.01061057,0.99994271,-0.001411884,-0.998821232,-0.010665532,-0.04735392,-0.047366266,0.000907767,0.998877176,2.053624926,-2.83180482,-0.001598295
-0.002757687,0.999995179,-0.001427428,-0.998766887,-0.002825051,-0.049565361,-0.049569154,0.001288982,0.998769862,2.050367647,-2.807003739,0.005725116
0.005965229,0.99998119,-0.001426482,-0.998696415,0.005885236,-0.050703395,-0.050694046,0.00172708,0.998712737,2.045917606,-2.782248049,0.01319618
0.015235332,0.999882918,-0.001426855,-0.998597604,0.015143355,-0.05072972,-0.050702173,0.002197738,0.9987114,2.040446753,-2.75841043,0.020762014
0.024703208,0.999693778,-0.001449513,-0.998463847,0.02460083,-0.0496462,-0.049595338,0.002673706,0.998765815,2.034178864,-2.73635273,0.02837286
0.03400112,0.999420647,-0.00151475,-0.998296984,0.033890927,-0.047481972,-0.047403126,0.003126611,0.998870947,2.027352696,-2.716898295,0.03600505
0.042763018,0.999083902,-0.001637683,-0.998107653,0.042648621,-0.044296814,-0.044186389,0.003528849,0.999017072,2.02023133,-2.700804409,0.043632694
0.050633449,0.998715625,-0.001831356,-0.997914921,0.050519195,-0.040169898,-0.040025786,0.003861478,0.999191186,2.01309796,-2.688739609,0.051243293
0.057276494,0.998356143,-0.002101406,-0.997744047,0.057167296,-0.035195416,-0.035017428,0.004112535,0.99937824,2.006227255,-2.681264186,0.058827134
0.062385779,0.998049114,-0.002445456,-0.997622896,0.062286911,-0.029477091,-0.029267264,0.004278594,0.999562465,1.999901705,-2.678813128,0.066370519
0.0656883,0.997836106,-0.002855251,-0.997577667,0.065605116,-0.023125032,-0.022887672,0.004367378,0.999728503,1.994387654,-2.681682556,0.073855297
0.066954215,0.99775055,-0.003312607,-0.997627874,0.066892029,-0.016250603,-0.015992461,0.004392795,0.999862463,1.989942226,-2.690017059,0.081255175
0.065999979,0.997812387,-0.003800309,-0.99778178,0.065963827,-0.008960628,-0.008690342,0.00438328,0.999952631,1.986796934,-2.70379856,0.088528538
0.06269919,0.99802324,-0.004292268,-0.998031878,0.06269389,-0.001358573,-0.001086789,0.004369002,0.999989865,1.985155201,-2.722835179,0.095614703
0.056993316,0.998363204,-0.004761711,-0.998351938,0.057023483,0.006459922,0.006720878,0.004385691,0.999967797,1.985179621,-2.746751366,0.102429477
0.048901797,0.998790134,-0.00518488,-0.998696217,0.048971997,0.014408672,0.014645153,0.004473511,0.999882747,1.986976575,-2.774980697,0.108863975
0.038539667,0.999241731,-0.005536849,-0.999001324,0.038654566,0.022409336,0.022606369,0.004667671,0.999733547,1.99058769,-2.806763945,0.114772008
0.026135904,0.999641592,-0.005796728,-0.999191864,0.026300406,0.030395854,0.030537416,0.00499762,0.99952113,1.995960134,-2.841155855,0.119985247
0.012049559,0.999909704,-0.005949183,-0.999190693,0.012268811,0.038307124,0.038376654,0.005482785,0.999248303,2.002948778,-2.877046762,0.124287862
-0.003227698,0.999976888,-0.005983793,-0.998932894,-0.002948523,0.046090982,0.046072273,0.006126175,0.998919324,2.011271085,-2.913199085,0.127445779
-0.019057643,0.999800978,-0.005900062,-0.998381984,-0.018713725,0.053695541,0.053574442,0.006913826,0.998539923,2.020544838,-2.948302571,0.129192527
-0.034692883,0.999381759,-0.005701177,-0.997544851,-0.03428075,0.061066367,0.060833173,0.007805748,0.998117426,2.030251265,-2.981040457,0.129255071
-0.049303841,0.998769215,-0.00540248,-0.996480453,-0.048822277,0.068140231,0.067792604,0.008743041,0.997661126,2.039809363,-3.010160217,0.127371581
-0.062045883,0.998060636,-0.005027391,-0.995297899,-0.06149718,0.074834413,0.074380111,0.009646919,0.997183301,2.04858861,-3.034536055,0.123298448
-0.072132769,0.997384394,-0.004607991,-0.994140811,-0.071523749,0.081045669,0.080504105,0.01042704,0.996699737,2.055972044,-3.053211463,0.116856074
-0.078896339,0.996874057,-0.004181281,-0.993162734,-0.078239211,0.086639536,0.086041566,0.010988235,0.996230951,2.061438815,-3.065424486,0.107924126
-0.081860285,0.996636599,-0.00379252,-0.992495681,-0.081172162,0.09145165,0.090836214,0.011250318,0.995802296,2.064589152,-3.070612414,0.096468259
-0.080775778,0.996726254,-0.003471087,-0.992223458,-0.080079024,0.095288819,0.094698906,0.011141123,0.995443616,2.065200122,-3.068412305,0.082546283
-0.075646803,0.997129348,-0.00325966,-0.992365551,-0.074965253,0.097932748,0.097407256,0.010643074,0.995187697,2.063245077,-3.058665092,0.066306922
-0.066735309,0.997765661,-0.003175438,-0.99287439,-0.066092584,0.099157536,0.098726112,0.009770119,0.995066681,2.058895083,-3.041429346,0.047986715
-0.054542603,0.998506308,-0.003202665,-0.993649304,-0.053960593,0.098738618,0.098418315,0.008567787,0.99510825,2.052501476,-3.017005461,0.027895458
-0.039764135,0.999203627,-0.003305464,-0.994560254,-0.03926018,0.096480768,0.09627416,0.007123958,0.99532936,2.04456104,-2.985960252,0.006402417
-0.023228805,0.99972427,-0.003436131,-0.995476032,-0.022813082,0.09223358,0.09212976,0.005563062,0.99573147,2.035653598,-2.949140117,-0.016097517
-0.005815163,0.999976892,-0.003521384,-0.996287579,-0.005491172,0.085912204,0.085890882,0.004007905,0.996296489,2.026387265,-2.907658146,-0.039202687
0.011621263,0.999926348,-0.003499311,-0.996921229,0.011857581,0.077507813,0.077543597,0.002587798,0.996985604,2.01731302,-2.862850685,-0.062528994
0.028324656,0.999593387,-0.00328234,-0.997340648,0.028481108,0.067085457,0.067151664,0.001373438,0.997741834,2.008898862,-2.816208426,-0.085732991
0.043672087,0.999041892,-0.002836853,-0.997538988,0.043761941,0.054780109,0.05485177,0.00043751,0.998494413,2.001478939,-2.769293446,-0.108525871
0.057200015,0.998360475,-0.002126016,-0.997527167,0.057239118,0.040782764,0.040837591,-0.000212016,0.999165775,1.99525889,-2.723658313,-0.130668943
0.068597593,0.997643751,-0.001147115,-0.997322263,0.068604615,0.025332022,0.025351031,-0.000593672,0.999678435,1.990324124,-2.680779028,-0.151973404
0.077682488,0.996978147,7.74E-05,-0.996940496,0.077678879,0.008697062,0.008664766,-0.000752811,0.999962177,1.986655124,-2.642007765,-0.172298202
0.084387357,0.996431887,0.001505955,-0.996393006,0.084397417,-0.008834813,-0.008930388,-0.000754976,0.999959838,1.984169608,-2.608542069,-0.191546384
0.088719845,0.996051842,0.003084868,-0.995687171,0.088770858,-0.026959098,-0.027126505,-0.000679756,0.999631778,1.982727901,-2.581409984,-0.209636025
0.090749511,0.995862426,0.004749176,-0.994828415,0.090871668,-0.045373606,-0.045617435,-0.000606982,0.998958799,1.982180614,-2.561460118,-0.22652413
0.090579364,0.995868483,0.006429936,-0.993824467,0.090805225,-0.063775695,-0.064096076,-0.000613465,0.997943544,1.982372483,-2.549357691,-0.242167427
0.088332978,0.996058367,0.008063125,-0.992688309,0.088696858,-0.081870556,-0.082263026,-0.0007723,0.996610354,1.98316825,-2.545578976,-0.256516914
0.084141578,0.996407684,0.009587592,-0.991439993,0.084678328,-0.099379683,-0.099834541,-0.001143558,0.995003395,1.984457955,-2.550403373,-0.269526459
0.078138538,0.996882318,0.010955048,-0.990106962,0.078882686,-0.116041912,-0.116544294,-0.001779324,0.993183901,1.986172544,-2.563905534,-0.28112386
0.070449712,0.997441606,0.012127726,-0.988723538,0.071434254,-0.131616538,-0.132146146,-0.002718621,0.991226516,1.988267014,-2.585946799,-0.291206313
0.061204833,0.998039506,0.013080979,-0.987327915,0.062460007,-0.145884664,-0.146415696,-0.003986369,0.98921512,1.990736329,-2.616165576,-0.299626982
0.05053796,0.998626663,0.013809514,-0.985958671,0.052090854,-0.158656994,-0.159158454,-0.00559741,0.987237183,1.993601218,-2.653965111,-0.306229374
0.03860023,0.999152185,0.014315507,-0.984654306,0.040472373,-0.16975831,-0.170193769,-0.007543116,0.985381744,1.996894984,-2.698516685,-0.310756452
0.025572957,0.999566074,0.014618076,-0.983448724,0.027779032,-0.179044498,-0.179372882,-0.009797431,0.983732372,2.000653833,-2.748745719,-0.312948298
0.011683705,0.999822785,0.014761104,-0.982371856,0.014231657,-0.186394733,-0.186571776,-0.012323112,0.982364043,2.004899754,-2.803341044,-0.312488865
-0.002778398,0.999886771,0.014789363,-0.981454221,0.000108213,-0.191696639,-0.191676533,-0.015047692,0.981342791,2.009612213,-2.860771609,-0.308994422
-0.017445055,0.999738897,0.014758329,-0.98072487,-0.014236495,-0.194874449,-0.19461346,-0.017873456,0.980717156,2.014735202,-2.919296015,-0.302135271
-0.031871586,0.99938332,0.014737067,-0.980225966,-0.028372793,-0.195836771,-0.195297871,-0.020687284,0.980525766,2.020127092,-2.977034457,-0.291458854
-0.045527148,0.998853639,0.014788051,-0.980004935,-0.041787932,-0.194535592,-0.193694622,-0.023349014,0.980783981,2.025615665,-3.03198217,-0.27671256
-0.057837195,0.998213574,0.014983986,-0.980126835,-0.053923642,-0.190902142,-0.189753118,-0.025727451,0.981494703,2.030941276,-3.082122521,-0.257604201
-0.06820224,0.997553058,0.015373733,-0.980662617,-0.064198231,-0.184876767,-0.183437418,-0.027685454,0.982641455,2.035838758,-3.125481326,-0.234008825
-0.076063595,0.996974556,0.016001977,-0.98167814,-0.072065356,-0.17639335,-0.174706493,-0.029125903,0.984189678,2.040026585,-3.16021691,-0.205941694
-0.080955124,0.996574724,0.016884549,-0.983214469,-0.077067897,-0.165377894,-0.163510173,-0.029989321,0.986085729,2.043274314,-3.184701759,-0.173569255
-0.082558584,0.996423278,0.018020321,-0.985263613,-0.078889311,-0.151763271,-0.149798845,-0.030284127,0.988252588,2.045435258,-3.197594357,-0.137247926
-0.080746457,0.99654648,0.01936811,-0.987748814,-0.077400051,-0.135504659,-0.133537598,-0.030072349,0.990587383,2.046472297,-3.197914411,-0.097511957
-0.075599066,0.996919973,0.020865005,-0.990515423,-0.072672809,-0.116609862,-0.114734382,-0.029482706,0.992958605,2.046487647,-3.185112906,-0.055089375
-0.067406159,0.997473586,0.022424445,-0.993340165,-0.064987939,-0.095141392,-0.093443707,-0.028688217,0.995211163,2.045674282,-3.159146497,-0.010755579
-0.056629538,0.998108952,0.023908461,-0.995951589,-0.054800296,-0.071255593,-0.069810655,-0.027846841,0.997171513,2.044295087,-3.120514823,0.034642447
-0.043840447,0.998720153,0.025220462,-0.998065468,-0.042669846,-0.045217313,-0.044083289,-0.027154019,0.998658762,2.042639346,-3.070275215,0.080270038
-0.029651719,0.999215551,0.026249909,-0.999422234,-0.029200938,-0.017392639,-0.016612473,-0.026750464,0.999504096,2.040947445,-3.010009178,0.125368698
-0.014641774,0.999531025,0.02689513,-0.999818871,-0.014962486,0.011762219,0.012159121,-0.026718039,0.999569058,2.039368152,-2.941743463,0.169292845
0.000693524,0.99963238,0.027103955,-0.99912907,-0.000438133,0.04172422,0.041720756,-0.027109286,0.998761466,2.03793537,-2.867836668,0.211528605
0.01597395,0.999511808,0.026851056,-0.997309846,0.014005863,0.071950723,0.071539525,-0.027928159,0.997046696,2.036563299,-2.790846885,0.251732786
0.030934768,0.999179402,0.026145035,-0.994397077,0.028120328,0.101900441,0.101081614,-0.029150813,0.994450973,2.035076079,-2.713402672,0.289675249
0.045406948,0.998655135,0.025022605,-0.990492987,0.041751596,0.131074208,0.129853197,-0.030736394,0.99105672,2.033237891,-2.638083587,0.325258163
0.05929182,0.997963049,0.023542164,-0.985751031,0.054814739,0.159029085,0.157414693,-0.032635836,0.986993169,2.030818545,-2.567322732,0.35845854
0.072518727,0.997129316,0.021775235,-0.98036152,0.067250763,0.18538777,0.183391179,-0.034791688,0.982424152,2.02759728,-2.503329868,0.389300235
0.085028314,0.996181694,0.019804485,-0.974536045,0.079008862,0.209850176,0.207484174,-0.037143391,0.977532959,2.023439987,-2.448025154,0.417858598
0.096735475,0.995152524,0.017711653,-0.968498818,0.090012223,0.232180617,0.229460862,-0.039613818,0.972511418,2.018265525,-2.403003993,0.44421062
0.107520255,0.994080405,0.015605857,-0.962486247,0.1001442,0.252173279,0.24911768,-0.042134158,0.967556249,2.012086088,-2.369535228,0.46830994
0.117216586,0.993013983,0.013546269,-0.956722639,0.109253393,0.269713714,0.266349514,-0.044574943,0.962845269,2.005027123,-2.34850418,0.490282352
0.125596483,0.992013113,0.011640764,-0.951443736,0.117119616,0.284671413,0.281034412,-0.04682926,0.958554474,1.997270022,-2.340513302,0.509992736
0.132381642,0.991148607,0.009977003,-0.946871248,0.123478512,0.296964472,0.293103977,-0.048759581,0.954836406,1.989124784,-2.345848086,0.527382137
0.137228709,0.990501974,0.008609408,-0.943207091,0.128011729,0.306550781,0.302537048,-0.050188023,0.951815369,1.980972597,-2.364539713,0.542349829
0.139749886,0.990157701,0.007595855,-0.940638533,0.130356758,0.313378791,0.309304252,-0.050939604,0.949597829,1.973293903,-2.39641272,0.554712845
0.139514708,0.990195301,0.006993786,-0.939314872,0.130103846,0.31742804,0.313405835,-0.050855248,0.948256572,1.96663199,-2.441092837,0.564247049
0.136079811,0.990674431,0.006815935,-0.93934793,0.126837221,0.318649941,0.314813835,-0.049764358,0.947847961,1.96159913,-2.498000903,0.570668955
0.128967981,0.991623767,0.007040146,-0.940769209,0.12010295,0.317062419,0.313561088,-0.047514052,0.948378542,1.958856771,-2.566253319,0.573825828
0.117729396,0.99301641,0.007628768,-0.943569004,0.109465813,0.312561628,0.309543736,-0.04399596,0.949866849,1.959060547,-2.644671526,0.573311757
0.10194892,0.99475336,0.008495325,-0.947625154,0.094513486,0.305079936,0.302676369,-0.039152954,0.952288854,1.962886248,-2.731561068,0.568870702
0.081315357,0.996642934,0.009522287,-0.952722643,0.074918555,0.294460141,0.292758223,-0.03301623,0.95561632,1.970946711,-2.824652989,0.560158277
0.055742441,0.998389792,0.010516815,-0.958518779,0.05056153,0.28050897,0.279525546,-0.025716819,0.959793788,1.983727904,-2.920977448,0.546857154
0.025500475,0.999611458,0.011254285,-0.964555262,0.021645244,0.262991693,0.262645908,-0.017561793,0.964732455,2.001390158,-3.016865372,0.528622398
-0.00851672,0.999898357,0.011434245,-0.970283365,-0.011028639,0.241720004,0.241821539,-0.009035796,0.97027867,2.023624135,-3.108033744,0.505296327
-0.044626498,0.998946001,0.010740703,-0.975183808,-0.045893717,0.216587877,0.216852524,-0.000808601,0.976204041,2.049393223,-3.189969862,0.476745139
-0.080332892,0.996728552,0.008878026,-0.97891792,-0.080569221,0.187692053,0.187793324,0.006386987,0.9821878,2.076897445,-3.258440423,0.443038705
-0.112609966,0.993623046,0.005677927,-0.981467928,-0.112120416,0.155401799,0.155047421,0.011927088,0.987835028,2.10374369,-3.31006271,0.404512609
-0.138420978,0.990372796,0.001165391,-0.983160494,-0.137554509,0.120308766,0.119310834,0.015507491,0.992735837,2.127373105,-3.342675876,0.361610942
-0.155267818,0.987862576,-0.004408571,-0.984504918,-0.154368828,0.083188533,0.081498292,0.017256762,0.996524075,2.145515851,-3.355289292,0.315038439
-0.161465294,0.986821413,-0.010604567,-0.985959707,-0.160842125,0.04486944,0.042572463,0.017700533,0.998936573,2.156572382,-3.347819477,0.265550564
-0.156318749,0.987562566,-0.016870899,-0.987700557,-0.156234924,0.006185394,0.00347264,0.017630289,0.999838544,2.159675916,-3.320748195,0.213960293
-0.140036429,0.989887558,-0.0226367,-0.989531063,-0.140718675,-0.032039502,-0.03490091,0.01791302,0.999230229,2.154766092,-3.274955089,0.161105239
-0.1137204,0.993134679,-0.027407656,-0.990922639,-0.115371459,-0.06900544,-0.071693756,0.019311541,0.997239725,2.142532441,-3.211723094,0.107772939
-0.079311554,0.996373002,-0.030830465,-0.991186632,-0.08211529,-0.103952581,-0.106107198,0.022314104,0.994104292,2.1242871,-3.132894266,0.054703727
-0.039325978,0.998688479,-0.032783971,-0.989725148,-0.043444816,-0.136222902,-0.137468536,0.027090022,0.990135613,2.101854558,-3.041073898,0.002532943
0.003448812,0.999438339,-0.033333351,-0.98623538,-0.00211098,-0.165333961,-0.165311466,0.033444736,0.98567417,2.077204396,-2.939702613,-0.048234844
0.046423675,0.998386924,-0.032686265,-0.980796113,0.039351754,-0.191024669,-0.18943027,0.040926629,0.981040868,2.052138338,-2.832899206,-0.097234324
0.087550556,0.995672115,-0.031175934,-0.973801004,0.078950023,-0.213256883,-0.209872591,0.049029915,0.976498624,2.028026173,-2.725070378,-0.144273103
0.12544454,0.991673654,-0.029103812,-0.965818668,0.115361239,-0.232133767,-0.226843489,0.057228918,0.972248365,2.005729751,-2.62046963,-0.189225131
0.159303234,0.98686652,-0.026775947,-0.95745032,0.147829728,-0.247861365,-0.240647802,0.065121756,0.968425419,1.985677186,-2.522827162,-0.232119967
0.188766308,0.981717671,-0.024447798,-0.949245938,0.176031279,-0.260662883,-0.251593781,0.072411343,0.965120286,1.968039273,-2.435181601,-0.273002133
0.213670077,0.97665108,-0.022310656,-0.94168584,0.199835931,-0.270727502,-0.259947837,0.078855995,0.962397451,1.952765225,-2.359880291,-0.311860333
0.233996855,0.97202083,-0.020517754,-0.935153886,0.219248612,-0.278239565,-0.265956164,0.084294441,0.960292542,1.939808985,-2.298610314,-0.348779105
0.249763443,0.968116635,-0.019193858,-0.929962195,0.234302843,-0.283324007,-0.269793509,0.088613542,0.958832156,1.929087883,-2.25256864,-0.383701938
0.260970998,0.965170768,-0.018426252,-0.926333325,0.245006984,-0.286143582,-0.271662861,0.091744027,0.958009563,1.920584725,-2.222528974,-0.416729967
0.267604138,0.963356097,-0.018249833,-0.924439094,0.251361311,-0.286757481,-0.271662266,0.093608348,0.957829364,1.914311144,-2.209037656,-0.447724676
0.269614022,0.962787234,-0.018682102,-0.92436222,0.253318059,-0.285279596,-0.269931039,0.094184408,0.958262246,1.910356466,-2.212413039,-0.47670278
0.266905108,0.963521516,-0.019696495,-0.926126655,0.250786312,-0.281772327,-0.266554088,0.093447922,0.959279106,1.908858577,-2.232855543,-0.503562814
0.259361525,0.965546727,-0.021239527,-0.929666572,0.243645033,-0.276327999,-0.26163269,0.091414529,0.960828663,1.910036772,-2.270396526,-0.52828616
0.24684344,0.968776533,-0.023245316,-0.934854825,0.231746633,-0.268960879,-0.255175964,0.088122224,0.962870552,1.91418989,-2.324898431,-0.550734331
0.229112097,0.973063439,-0.025596684,-0.941484525,0.214845003,-0.259708517,-0.247213543,0.083601245,0.965347759,1.921652612,-2.395902501,-0.570971804
0.205926678,0.978161786,-0.028173097,-0.949273078,0.192687597,-0.248499725,-0.237644329,0.077916685,0.968222166,1.932850432,-2.482542043,-0.588832652
0.176979133,0.983731336,-0.030839006,-0.957840589,0.164946955,-0.235231604,-0.2263179,0.071169937,0.971449972,1.948267729,-2.583291635,-0.604295111
0.14198919,0.989304148,-0.033412155,-0.966686966,0.131322867,-0.219705746,-0.212968026,0.063494935,0.974993853,1.968382574,-2.695774631,-0.617278889
0.100867265,0.994260246,-0.035670128,-0.975153782,0.091694111,-0.201661326,-0.197233099,0.055124887,0.978805574,1.99358484,-2.816527437,-0.627802102
0.054012726,0.997842546,-0.037321279,-0.982431206,0.046417722,-0.180760394,-0.178638043,0.046428951,0.982818804,2.023881635,-2.940926654,-0.635780652
0.002776008,0.999273445,-0.038011512,-0.987633481,-0.003218866,-0.156747395,-0.156755863,0.037976574,0.986906976,2.058519446,-3.06330907,-0.641327836
-0.050148772,0.998043486,-0.037340326,-0.990063343,-0.054596249,-0.129590998,-0.131376093,0.030470458,0.990864205,2.095588408,-3.177633562,-0.644590257
-0.100773246,0.994292079,-0.035043039,-0.989592254,-0.103809122,-0.099653582,-0.102722554,0.024635905,0.994404922,2.131958159,-3.278547485,-0.645686917
-0.144556365,0.98900918,-0.031053183,-0.986904733,-0.146376668,-0.067771076,-0.071571678,0.020849793,0.997217519,2.163867259,-3.362355905,-0.644720396
-0.177506374,0.98378467,-0.025675104,-0.983342552,-0.178342427,-0.035091375,-0.039101318,0.01901848,0.999054245,2.187782268,-3.427237119,-0.64168099
-0.196807322,0.980248419,-0.019491403,-0.980419659,-0.196898667,-0.002864833,-0.006646079,0.018545935,0.99980592,2.2011278,-3.47264665,-0.63646672
-0.200932564,0.979515389,-0.013255499,-0.979299558,-0.200513582,0.027688984,0.024463878,0.018544723,0.999528695,2.202409911,-3.498447669,-0.628903333
-0.189436903,0.981862735,-0.007696045,-0.980464882,-0.188733019,0.0553937,0.052936512,0.018039313,0.99843493,2.191161036,-3.504262854,-0.618718059
-0.182205204,0.983241606,-0.006099837,-0.981327949,-0.18145482,0.063793453,0.061617533,0.01760944,0.997944481,2.184679889,-3.501619202,-0.614679655
